1.51 0.08 0.0 0.007968871 0.007320342 0.0065499597 0.0056289599 0.0045226648 0.0031658222 0.0013852216 -0.0012375447 -0.0057061438 -2.555326797
1.51 0.08 0.001 0.0079701003 0.0073182375 0.0065458538 0.0056299323 0.0045223391 0.0031662638 0.0013887105 -0.0012345364 -0.0057001937 -2.5553353515
1.51 0.08 0.002 0.0079672582 0.0073200699 0.0065461153 0.0056284609 0.0045250698 0.0031654165 0.0013851934 -0.001240592 -0.005714988 -2.5553106484
1.51 0.08 0.003 0.0079677463 0.007318963 0.0065459739 0.0056277699 0.0045237855 0.0031654606 0.0013896432 -0.0012338426 -0.0057058907 -2.5553282534
1.51 0.08 0.004 0.0079691297 0.0073212908 0.0065481604 0.0056287352 0.004523792 0.0031659316 0.0013853581 -0.0012358191 -0.0057055326 -2.5553296905
1.51 0.08 0.005 0.007970389 0.007318474 0.0065455529 0.0056292547 0.0045219615 0.0031646957 0.0013856506 -0.0012380886 -0.0057039213 -2.5553226129
1.51 0.08 0.006 0.0079689804 0.0073207806 0.006546782 0.0056311349 0.0045251718 0.0031687158 0.0013875533 -0.0012304764 -0.0056952057 -2.555352081
1.51 0.08 0.007 0.0079701429 0.0073224485 0.006546891 0.0056276343 0.0045272247 0.0031664955 0.0013897984 -0.0012352661 -0.00569804 -2.5553459735
1.51 0.08 0.008 0.0079695981 0.0073204643 0.0065488847 0.0056298215 0.0045254589 0.0031666626 0.0013862377 -0.0012327672 -0.0057050087 -2.5553379962
1.51 0.08 0.009 0.0079681592 0.0073176135 0.0065474097 0.005628331 0.0045255282 0.0031695061 0.0013838048 -0.0012334805 -0.0057070149 -2.5553285015
1.51 0.08 0.01 0.0079697013 0.0073169727 0.0065457728 0.0056283112 0.0045246984 0.0031642817 0.0013888653 -0.0012343761 -0.0056960356 -2.5553368361
1.51 0.08 0.011 0.0079678294 0.0073176165 0.0065482368 0.0056292131 0.0045250264 0.0031648778 0.0013846097 -0.0012312831 -0.005703642 -2.5553311289
1.51 0.08 0.012 0.0079685581 0.0073225481 0.0065493786 0.0056292694 0.0045240569 0.0031649559 0.0013859474 -0.0012376697 -0.005701231 -2.555334458
1.51 0.08 0.013 0.0079712672 0.0073231529 0.006549666 0.0056314754 0.0045242162 0.0031640093 0.0013892662 -0.0012317941 -0.0056892728 -2.5553606307
1.51 0.08 0.014 0.0079696418 0.0073180884 0.0065481472 0.0056290156 0.0045252131 0.0031640824 0.0013881989 -0.0012357333 -0.0056978633 -2.555337435
1.51 0.08 0.015 0.0079671203 0.0073180494 0.0065465077 0.0056284534 0.0045241659 0.0031658572 0.0013878377 -0.0012398243 -0.0057144461 -2.5553123655
1.51 0.08 0.016 0.0079660947 0.0073187478 0.0065447649 0.0056268871 0.0045218545 0.0031623943 0.0013803317 -0.0012398559 -0.0057016729 -2.5553081907
1.51 0.08 0.017 0.0079664887 0.0073180902 0.0065461709 0.0056254094 0.0045203429 0.0031608189 0.0013819038 -0.0012364507 -0.0057009978 -2.5553104206
1.51 0.08 0.018 0.0079668714 0.0073186763 0.0065466167 0.0056275684 0.0045242596 0.0031643553 0.0013850729 -0.0012370322 -0.0057055716 -2.5553194612
1.51 0.08 0.019 0.0079678174 0.0073184108 0.0065470127 0.0056252426 0.0045228598 0.0031599963 0.0013878664 -0.0012359018 -0.0057126927 -2.5553092558
1.51 0.08 0.02 0.0079640421 0.0073144888 0.0065440992 0.0056219546 0.0045212237 0.0031615174 0.0013837861 -0.0012418523 -0.0057057369 -2.555292167
1.51 0.08 0.021 0.0079665362 0.0073206948 0.0065470046 0.0056282442 0.0045231195 0.00316368 0.001383419 -0.0012373283 -0.0057000755 -2.5553239389
1.51 0.08 0.022 0.0079674922 0.0073143223 0.0065422378 0.0056263094 0.004521222 0.0031636986 0.0013788941 -0.0012462772 -0.0057106713 -2.5552858722
1.51 0.08 0.023 0.0079660889 0.0073178946 0.006542581 0.0056253988 0.0045195541 0.0031596012 0.001381517 -0.0012372605 -0.0057007549 -2.5553032646
1.51 0.08 0.024 0.0079649171 0.0073165997 0.0065416383 0.0056202523 0.0045170846 0.0031567785 0.0013770492 -0.0012410003 -0.0057159424 -2.5552660213
1.51 0.08 0.025 0.0079667756 0.007317239 0.0065411733 0.0056213861 0.0045198393 0.0031543381 0.0013791559 -0.0012452486 -0.0057092353 -2.5552740677
1.51 0.08 0.026 0.0079648725 0.0073153608 0.0065423247 0.0056194071 0.0045182675 0.0031583787 0.0013789025 -0.0012397914 -0.005712005 -2.5552743618
1.51 0.08 0.027 0.0079645625 0.0073149705 0.0065359941 0.0056177488 0.0045144847 0.0031562959 0.0013710603 -0.0012442745 -0.0057106065 -2.5552488802
1.51 0.08 0.028 0.0079638368 0.0073142755 0.0065403455 0.0056210874 0.0045124356 0.0031500504 0.0013756133 -0.0012503164 -0.0057222954 -2.5552336771
1.51 0.08 0.029 0.0079654531 0.007314016 0.0065382115 0.0056176876 0.0045124958 0.0031488985 0.0013734431 -0.0012511217 -0.005725757 -2.5552219712
1.51 0.08 0.03 0.0079632221 0.0073108768 0.0065397787 0.0056151143 0.0045078373 0.0031497589 0.0013741044 -0.0012515895 -0.0057265346 -2.5552112127
1.51 0.08 0.031 0.0079633623 0.0073067909 0.0065338183 0.0056117488 0.004505801 0.0031500589 0.0013735432 -0.0012496016 -0.0057260482 -2.5551981178
1.51 0.08 0.032 0.0079608399 0.0073093447 0.0065323371 0.0056119153 0.0045054705 0.0031462233 0.0013649211 -0.001259275 -0.0057243248 -2.5551760964
1.51 0.08 0.033 0.0079585192 0.0073057104 0.0065335169 0.0056113343 0.0045027371 0.003144603 0.0013671834 -0.0012566393 -0.0057249293 -2.55517068
1.51 0.08 0.034 0.0079591483 0.0073055889 0.0065287488 0.0056063307 0.0045001511 0.0031435079 0.0013608534 -0.0012626741 -0.0057463242 -2.5551239751
1.51 0.08 0.035 0.0079566047 0.0073024393 0.0065269016 0.0056026775 0.0044997758 0.0031367473 0.0013537076 -0.0012665668 -0.0057434787 -2.5550974525
1.51 0.08 0.036 0.0079548052 0.0073026869 0.0065248498 0.005600198 0.0044923134 0.0031369852 0.0013581091 -0.001260447 -0.0057354491 -2.5551026958
1.51 0.08 0.037 0.0079587599 0.0073021165 0.0065253377 0.005600741 0.0044922425 0.003132158 0.0013538445 -0.0012660493 -0.0057329471 -2.5550948481
1.51 0.08 0.038 0.0079567016 0.0072986489 0.0065232233 0.0056002234 0.0044908155 0.0031248284 0.0013507005 -0.0012706259 -0.0057444234 -2.5550587368
1.51 0.08 0.039 0.0079538189 0.0072976981 0.0065203472 0.0055960096 0.0044855353 0.0031258511 0.0013501868 -0.0012739592 -0.005752754 -2.5550313781
1.51 0.08 0.04 0.007952905 0.0072942149 0.006518615 0.0055898038 0.0044825546 0.0031223021 0.0013402657 -0.0012750661 -0.0057533198 -2.5550009196
1.51 0.08 0.041 0.0079512128 0.0072935784 0.0065132583 0.0055865907 0.0044780519 0.0031174814 0.001337282 -0.0012882438 -0.0057595514 -2.5549583046
1.51 0.08 0.042 0.0079480528 0.0072941889 0.0065135538 0.0055879721 0.0044753394 0.003113319 0.0013379636 -0.0012885255 -0.0057659996 -2.5549445088
1.51 0.08 0.043 0.0079468964 0.0072869584 0.0065099012 0.0055791356 0.0044678776 0.00310778 0.0013282051 -0.0012937459 -0.0057694238 -2.554892229
1.51 0.08 0.044 0.0079495415 0.0072881277 0.0065059716 0.0055770029 0.0044669283 0.003106528 0.0013228066 -0.0013032377 -0.0057857118 -2.5548566016
1.51 0.08 0.045 0.0079429719 0.0072877529 0.0065031481 0.0055742405 0.0044636749 0.0031013783 0.0013200183 -0.0013035346 -0.005787871 -2.5548304235
1.51 0.08 0.046 0.0079430832 0.0072804886 0.0064985238 0.0055685493 0.0044566263 0.0030894642 0.001310277 -0.0013088297 -0.0057986004 -2.5547682266
1.51 0.08 0.047 0.0079413134 0.007279354 0.0064986094 0.005565624 0.0044508895 0.0030883449 0.0013062595 -0.0013176381 -0.0057969662 -2.5547444346
1.51 0.08 0.048 0.0079382773 0.007278476 0.0064926857 0.0055620498 0.0044488176 0.003084938 0.0013003578 -0.0013211015 -0.0058008234 -2.5547123217
1.51 0.08 0.049 0.0079413714 0.0072772042 0.0064935347 0.0055584903 0.0044406764 0.0030737331 0.0012903395 -0.0013254942 -0.0058185611 -2.5546599387
1.51 0.08 0.05 0.0079349265 0.0072721996 0.0064851492 0.005553602 0.0044343351 0.0030666822 0.0012846365 -0.0013331845 -0.0058249753 -2.5546020156
1.51 0.08 0.051 0.0079370813 0.0072716707 0.0064831271 0.0055486282 0.0044337179 0.0030623108 0.0012776187 -0.0013471598 -0.0058373581 -2.5545582809
1.51 0.08 0.052 0.0079353272 0.0072679115 0.0064781235 0.0055440272 0.004426063 0.0030556364 0.0012691443 -0.0013512285 -0.0058445891 -2.5545090599
1.51 0.08 0.053 0.0079327782 0.0072666358 0.0064772202 0.0055395901 0.0044220464 0.0030482032 0.0012590295 -0.0013642761 -0.0058545841 -2.5544552875
1.51 0.08 0.054 0.0079298123 0.0072650807 0.0064746455 0.0055342707 0.0044146752 0.0030438939 0.0012504595 -0.001374955 -0.005864787 -2.55440174
1.51 0.08 0.055 0.0079291829 0.0072606536 0.0064702181 0.0055284425 0.0044078126 0.003035064 0.0012396267 -0.0013827886 -0.0058664125 -2.5543504436
1.51 0.08 0.056 0.0079308082 0.0072608456 0.0064669785 0.0055250268 0.004400902 0.0030260276 0.0012289929 -0.0013909124 -0.0058805662 -2.5542967472
1.51 0.08 0.057 0.0079257658 0.0072570176 0.0064611397 0.0055186736 0.0043974694 0.0030155885 0.0012220636 -0.001402019 -0.0058958581 -2.5542284855
1.51 0.08 0.058 0.0079267628 0.0072554489 0.0064611934 0.005514738 0.0043870791 0.003007969 0.0012078398 -0.0014141232 -0.0059012676 -2.5541742845
1.51 0.08 0.059 0.0079246255 0.0072511351 0.0064561782 0.0055099228 0.004381798 0.0029989752 0.0012016442 -0.0014227797 -0.0059117739 -2.5541183696
1.51 0.08 0.06 0.0079261309 0.0072519224 0.0064503737 0.0055057732 0.0043703076 0.0029888599 0.0011899104 -0.0014337981 -0.0059268713 -2.5540512531
1.51 0.08 0.061 0.0079245241 0.0072523965 0.0064509356 0.0055016638 0.0043689225 0.0029822801 0.0011814493 -0.0014488269 -0.0059423915 -2.553999598
1.51 0.08 0.062 0.0079236973 0.0072468946 0.0064449782 0.0054962173 0.0043597849 0.0029737393 0.0011671779 -0.001464113 -0.0059570387 -2.5539199822
1.51 0.08 0.063 0.0079264368 0.0072494967 0.0064444659 0.0054929349 0.0043579088 0.0029639064 0.001155808 -0.0014745194 -0.005959948 -2.5538851343
1.51 0.08 0.064 0.007922651 0.0072442408 0.0064401635 0.0054839115 0.0043506367 0.0029595792 0.0011486178 -0.0014809023 -0.0059862552 -2.5538112875
1.51 0.08 0.065 0.0079195092 0.0072416542 0.0064356328 0.0054834674 0.0043408647 0.0029474581 0.0011342887 -0.0015047844 -0.0060037852 -2.55372295
1.51 0.08 0.066 0.0079253897 0.0072447802 0.0064373086 0.0054774529 0.0043362903 0.0029391945 0.0011218417 -0.0015148342 -0.00601478 -2.5536812879
1.51 0.08 0.067 0.0079202922 0.0072403724 0.0064324426 0.005471917 0.0043291926 0.0029257014 0.0011080863 -0.0015360613 -0.0060488876 -2.5535716999
1.51 0.08 0.068 0.0079259242 0.0072390601 0.0064294049 0.0054701888 0.0043225797 0.0029194083 0.0010940308 -0.0015484263 -0.0060537034 -2.5535271114
1.51 0.08 0.069 0.0079251579 0.0072382983 0.0064268777 0.0054634124 0.0043165252 0.0029119634 0.0010808483 -0.0015585747 -0.0060717374 -2.5534614154
1.51 0.08 0.07 0.0079269511 0.0072378064 0.0064229312 0.0054579509 0.0043097238 0.002892281 0.0010579378 -0.0015878076 -0.0061151568 -2.5533312621
1.51 0.08 0.071 0.0079266223 0.007236191 0.0064195572 0.005454866 0.0042977185 0.0028848198 0.001042421 -0.0016088201 -0.0061406527 -2.5532413673
1.51 0.08 0.072 0.0079280791 0.0072401279 0.0064209094 0.005451598 0.004292932 0.0028769875 0.001037039 -0.0016140301 -0.0061588062 -2.5532034811
1.51 0.08 0.073 0.0079271264 0.0072345467 0.00641542 0.0054435435 0.0042810407 0.0028558233 0.0010013028 -0.0016624497 -0.0062077725 -2.5530172253
1.51 0.08 0.074 0.0079265345 0.0072345764 0.0064147561 0.0054387601 0.0042720735 0.0028459981 0.0009917954 -0.0016755205 -0.0062334172 -2.5529442007
1.51 0.08 0.075 0.0079301442 0.007232282 0.0064087555 0.0054322224 0.0042622459 0.0028312238 0.0009667006 -0.001710439 -0.0062841765 -2.5527976032
1.51 0.08 0.076 0.0079282386 0.0072295117 0.0064045955 0.0054261177 0.0042557952 0.0028091879 0.0009416992 -0.0017345713 -0.0063275962 -2.5526616226
1.51 0.08 0.077 0.007924398 0.007226907 0.0063980535 0.0054133029 0.0042364345 0.0027798332 0.000892267 -0.0018041722 -0.0064056846 -2.5523899837
1.51 0.08 0.078 0.0079321858 0.0072302032 0.0063986568 0.0054132117 0.0042306029 0.0027763323 0.000891244 -0.0018075978 -0.0064316216 -2.5523618617
1.51 0.08 0.079 0.0079304441 0.0072280958 0.0063927573 0.0054039871 0.0042182201 0.0027574826 0.0008599237 -0.0018461962 -0.0064963198 -2.5521770391
1.51 0.08 0.08 0.0079251022 0.0072224437 0.0063842364 0.0053874671 0.0041956281 0.0027227855 0.0008144872 -0.0019051383 -0.006569976 -2.5519056802
1.51 0.08 0.081 0.0079250739 0.007215747 0.0063784331 0.0053806096 0.0041844568 0.0027044796 0.0007813185 -0.0019491035 -0.006654527 -2.5516951323
1.51 0.08 0.082 0.007925218 0.0072140218 0.0063756171 0.0053690761 0.0041694325 0.0026833171 0.0007488396 -0.0019936825 -0.006713573 -2.5515069111
1.51 0.08 0.083 0.0079256751 0.0072103256 0.0063689805 0.0053612031 0.004155108 0.0026614908 0.0007160526 -0.0020428334 -0.0067993443 -2.5512853023
1.51 0.08 0.084 0.0079268622 0.0072091355 0.0063610565 0.0053524999 0.0041337358 0.0026235689 0.0006629943 -0.0021077859 -0.0068889325 -2.551001779
1.51 0.08 0.085 0.0079234504 0.0072039206 0.0063530677 0.005336783 0.0041157344 0.0025955862 0.0006227401 -0.0021634923 -0.00698068 -2.5507357543
1.51 0.08 0.086 0.0079180572 0.0071947425 0.0063347075 0.0053205644 0.0040879793 0.0025609661 0.0005703198 -0.0022361392 -0.0070907605 -2.5503890815
1.51 0.08 0.087 0.0079174858 0.0071879612 0.006332728 0.0053062386 0.0040716665 0.0025302939 0.0005284468 -0.0022996632 -0.0071796454 -2.5501241565
1.51 0.08 0.088 0.0079161646 0.0071861517 0.0063231314 0.0052959859 0.0040498353 0.0024988036 0.0004860195 -0.002353427 -0.0072845191 -2.5498467901
1.51 0.08 0.089 0.0079137678 0.0071781793 0.0063125711 0.0052760918 0.0040251317 0.0024615739 0.0004313006 -0.002441542 -0.0074166242 -2.5494690943
1.51 0.08 0.09 0.0079117193 0.0071779221 0.006306674 0.0052640892 0.0040039074 0.0024321536 0.0003890591 -0.0024973815 -0.0075171979 -2.5491995894
1.51 0.08 0.091 0.0078984064 0.0071555699 0.0062788149 0.0052280459 0.0039482148 0.002353349 0.0002770323 -0.0026416753 -0.0077143344 -2.5485120679
1.51 0.08 0.092 0.0078981814 0.0071572335 0.0062740404 0.0052181173 0.0039358402 0.0023300915 0.0002448946 -0.0026870785 -0.0078008086 -2.5482991561
1.51 0.08 0.093 0.0078933769 0.0071422891 0.0062577915 0.0051903734 0.0038979788 0.0022778424 0.0001679157 -0.0027943732 -0.0079691779 -2.5477926611
1.51 0.08 0.094 0.007883159 0.007129243 0.0062365883 0.0051688854 0.0038558137 0.0022149523 7.71347e-05 -0.0029131847 -0.0081365343 -2.5472447017
1.51 0.08 0.095 0.0078759965 0.0071146685 0.0062129764 0.005135407 0.0038164369 0.0021612706 -8.362e-07 -0.0030269514 -0.0083301537 -2.5466874587
1.51 0.08 0.096 0.0078773427 0.0071145999 0.0062067139 0.005120622 0.0037984629 0.0021311625 -4.22863e-05 -0.0030880505 -0.0084445603 -2.5464026512
1.51 0.08 0.097 0.0078643941 0.0070981657 0.0061866246 0.0050911284 0.0037571302 0.0020720652 -0.0001297422 -0.0032178888 -0.0086323359 -2.5458181858
1.51 0.08 0.098 0.0078559994 0.0070813775 0.0061674689 0.0050670706 0.0037133897 0.0020158308 -0.0002109211 -0.0033329007 -0.008816757 -2.5452692024
1.51 0.08 0.099 0.0078472781 0.0070682878 0.006143264 0.0050327985 0.0036692008 0.0019484774 -0.0002988655 -0.0034589119 -0.0089983658 -2.5446818077
1.51 0.08 0.1 0.0078394911 0.007053672 0.0061216124 0.005003065 0.0036308932 0.0018914091 -0.000381444 -0.0035686834 -0.0091870906 -2.5441315692
1.51 0.08 0.101 0.0078306398 0.0070377438 0.0061018995 0.0049715256 0.0035812598 0.0018288086 -0.0004713824 -0.0037038395 -0.0093643085 -2.543540991
1.51 0.08 0.102 0.0078209541 0.007022699 0.0060759515 0.0049341027 0.0035335104 0.0017573877 -0.0005697733 -0.0038385796 -0.0095834866 -2.5428814102
1.51 0.08 0.103 0.0078108719 0.0070086919 0.0060552813 0.0049085806 0.0034911302 0.0016967969 -0.0006578977 -0.0039752172 -0.009801377 -2.5422655052
1.51 0.08 0.104 0.0078072232 0.0069962984 0.0060377743 0.0048825444 0.0034565375 0.0016484241 -0.0007317153 -0.0040817961 -0.0099707738 -2.5417731611
1.51 0.08 0.105 0.0077968015 0.0069773351 0.0060130738 0.0048420036 0.0034030446 0.0015703753 -0.000833626 -0.0042321966 -0.0101868397 -2.541078616
1.51 0.08 0.106 0.0077824751 0.0069589615 0.0059849576 0.0048033283 0.0033493736 0.0014987286 -0.0009412726 -0.0043831499 -0.0104063998 -2.5403756468
1.51 0.08 0.107 0.0077809535 0.0069487619 0.0059711599 0.0047820412 0.0033202993 0.0014578909 -0.0010009818 -0.0044776746 -0.010579413 -2.5399316816
1.51 0.08 0.108 0.0077638995 0.0069256927 0.0059371297 0.0047358199 0.0032557325 0.0013658756 -0.0011248129 -0.0046543028 -0.0108232405 -2.539110438
1.51 0.08 0.109 0.0077640167 0.0069189499 0.0059233883 0.0047168305 0.0032280082 0.0013257139 -0.0011819028 -0.0047526505 -0.0109720331 -2.5386989654
1.51 0.08 0.11 0.0077483114 0.0068932943 0.0058882421 0.0046705478 0.0031630396 0.0012373449 -0.0013162798 -0.0049340739 -0.0112300456 -2.5378490251
1.51 0.08 0.111 0.007748114 0.0068900924 0.0058794753 0.0046545427 0.0031419381 0.001201704 -0.0013610823 -0.0050209845 -0.0114124136 -2.5374500305
1.51 0.08 0.112 0.007733629 0.0068723627 0.0058509403 0.0046150668 0.0030797511 0.0011328325 -0.0014658423 -0.005174451 -0.0116149526 -2.5367579809
1.51 0.08 0.113 0.0077128313 0.0068414466 0.0058096748 0.0045629245 0.0030040001 0.0010207175 -0.0016179787 -0.0053870176 -0.0119063557 -2.5357688871
1.51 0.08 0.114 0.0077088584 0.0068291803 0.005794481 0.0045341419 0.0029703442 0.0009715051 -0.0016962018 -0.0055118304 -0.0120976239 -2.5352314991
1.51 0.08 0.115 0.0076988862 0.0068121366 0.0057626173 0.0044965563 0.002916434 0.0008891082 -0.0018020743 -0.0056749864 -0.0123115236 -2.5345157986
1.51 0.08 0.116 0.0076887764 0.0067916135 0.0057356744 0.0044541177 0.0028564036 0.0008124527 -0.0019143654 -0.0058324481 -0.0125405097 -2.5337803594
1.51 0.08 0.117 0.0076906625 0.0067872684 0.0057286909 0.0044365388 0.0028338412 0.0007796324 -0.0019669511 -0.0059291832 -0.0126867645 -2.5334023797
1.51 0.08 0.118 0.0076729581 0.0067689749 0.0056947641 0.0043969782 0.002779326 0.0006945267 -0.0020832951 -0.0060888191 -0.0129140138 -2.5326500444
1.51 0.08 0.119 0.007673735 0.0067586634 0.0056833297 0.0043715974 0.00274218 0.000647201 -0.0021586429 -0.006218713 -0.0131001986 -2.5321277964
1.51 0.08 0.12 0.0076603734 0.006732848 0.0056483193 0.0043284576 0.0026746782 0.000556139 -0.0022864305 -0.0063919081 -0.0133345922 -2.531316529
1.51 0.08 0.121 0.0076556192 0.0067244508 0.0056253012 0.0042939237 0.0026321409 0.0004928601 -0.0023724777 -0.006541738 -0.0135450679 -2.5306936566
1.51 0.08 0.122 0.0076479541 0.0067053755 0.0056045369 0.0042652831 0.0025900443 0.0004298492 -0.0024636547 -0.0066735311 -0.0137454376 -2.530089064
1.51 0.08 0.123 0.0076418732 0.006696774 0.0055862452 0.0042330252 0.0025395371 0.0003711523 -0.0025547322 -0.0068039897 -0.0139096461 -2.5295288834
1.51 0.08 0.124 0.0076314591 0.0066723317 0.0055521757 0.0041882907 0.0024808538 0.0002834953 -0.0026647761 -0.0069730191 -0.0141563344 -2.5287431209
1.51 0.08 0.125 0.0076223549 0.0066630659 0.0055347055 0.0041580905 0.0024421498 0.0002294401 -0.0027511718 -0.0071056275 -0.0143117626 -2.5282098891
1.51 0.08 0.126 0.0076173495 0.0066483405 0.0055114795 0.0041236118 0.0023923897 0.0001601179 -0.0028514895 -0.0072624319 -0.0145211071 -2.5275469047
1.51 0.08 0.127 0.0076216734 0.0066439024 0.0055016682 0.0041093494 0.0023664933 0.0001280114 -0.0029115168 -0.0073392614 -0.0146596168 -2.5271893472
1.51 0.08 0.128 0.0076114587 0.0066300363 0.0054744964 0.0040672376 0.0023090481 4.54497e-05 -0.0030134365 -0.0074941915 -0.0148488317 -2.5265099114
1.51 0.08 0.129 0.0076100665 0.006620401 0.0054661806 0.0040527195 0.0022796137 1.9375e-06 -0.0030837626 -0.0076067103 -0.015021778 -2.5260473123
1.51 0.08 0.13 0.0076011375 0.0066085302 0.0054337689 0.0040083188 0.0022277263 -6.90111e-05 -0.0031824712 -0.0077525125 -0.0151816609 -2.5254224703
1.51 0.08 0.131 0.0076021886 0.0066009913 0.0054216938 0.0039887222 0.0021971539 -0.0001148931 -0.003251614 -0.0078527161 -0.0153315256 -2.5249886453
1.51 0.08 0.132 0.0075994065 0.0065897212 0.0054064263 0.0039595928 0.0021544499 -0.0001764245 -0.0033329083 -0.0079803528 -0.0155021823 -2.5244463731
1.51 0.08 0.133 0.0075945761 0.0065823636 0.0053880738 0.0039360651 0.0021203088 -0.0002253134 -0.003410295 -0.0080974362 -0.0156540191 -2.523962968
1.51 0.08 0.134 0.0075941089 0.0065667979 0.0053675991 0.003900808 0.0020784743 -0.0002845259 -0.0034939952 -0.0082196424 -0.0158164416 -2.5234218274
1.51 0.08 0.135 0.0075932724 0.0065634657 0.005359172 0.0038852827 0.0020474787 -0.0003310193 -0.0035628143 -0.0083189246 -0.0159574165 -2.5230071411
1.51 0.08 0.136 0.0075863479 0.0065524725 0.0053359694 0.0038560552 0.0020048582 -0.0003846303 -0.0036426217 -0.0084355217 -0.0160954954 -2.5225060784
1.51 0.08 0.137 0.0075865544 0.0065436084 0.005323166 0.0038383978 0.0019760623 -0.0004321081 -0.0037058895 -0.008532001 -0.0162101514 -2.5221162834
1.51 0.08 0.138 0.0075860463 0.0065398297 0.0053052898 0.0038038763 0.0019312143 -0.00048501 -0.0037917832 -0.008644351 -0.0163628995 -2.521610857
1.51 0.08 0.139 0.0075842617 0.006532745 0.0052930191 0.0037843926 0.0019030888 -0.0005198093 -0.0038383421 -0.0087328291 -0.0164804802 -2.5212546906
1.51 0.08 0.14 0.0075822938 0.006522461 0.0052788592 0.0037646584 0.0018741651 -0.0005709986 -0.0039127372 -0.0088331926 -0.0165962205 -2.5208379328
1.51 0.08 0.141 0.0075799787 0.0065151141 0.0052597734 0.0037380729 0.0018316271 -0.0006258716 -0.0039845307 -0.0089322783 -0.0167388154 -2.5203717145
1.51 0.08 0.142 0.0075786259 0.0065071754 0.0052449832 0.0037154746 0.0018015275 -0.0006711365 -0.0040463283 -0.0090212226 -0.016826869 -2.5200108745
1.51 0.08 0.143 0.0075773001 0.0065013357 0.0052345082 0.0036960345 0.0017784781 -0.000703424 -0.0041035309 -0.0091032115 -0.0169392518 -2.5196668825
1.51 0.08 0.144 0.0075823533 0.0064967307 0.0052235683 0.003676938 0.0017475197 -0.0007507933 -0.00416367 -0.0091935694 -0.0170386752 -2.5193090465
1.51 0.08 0.145 0.0075815815 0.0064909079 0.0052108831 0.0036573741 0.0017168574 -0.0007925655 -0.0042226535 -0.0092768006 -0.0171571585 -2.5189370702
1.51 0.08 0.146 0.0075876234 0.006493072 0.0052075213 0.0036465125 0.0017031392 -0.0008154964 -0.0042537426 -0.0093174476 -0.0172038075 -2.5187760186
1.51 0.08 0.147 0.0075879263 0.0064838401 0.0051916591 0.003625947 0.0016707552 -0.0008620252 -0.0043261251 -0.0094195564 -0.0173261567 -2.5183549086
1.51 0.08 0.148 0.0075860731 0.0064788852 0.0051774497 0.0036035001 0.0016431301 -0.0008992631 -0.0043762636 -0.0094860208 -0.0173832202 -2.5180729148
1.51 0.08 0.149 0.007587631 0.0064789402 0.0051738814 0.0035940421 0.0016260844 -0.0009258711 -0.0044231664 -0.0095547671 -0.0174692454 -2.5178161735
1.51 0.08 0.15 0.0075933307 0.0064817437 0.0051758295 0.0035909368 0.0016093731 -0.0009460302 -0.0044476877 -0.0095881763 -0.0175112057 -2.5176867582
1.51 0.08 0.151 0.007590249 0.0064781739 0.0051584811 0.0035668338 0.0015828787 -0.0009856053 -0.004511728 -0.0096707484 -0.0175960959 -2.5173410831
1.51 0.08 0.152 0.0075921488 0.0064722478 0.0051519736 0.0035513685 0.0015629527 -0.0010140615 -0.00455625 -0.0097318835 -0.0176656866 -2.5170914541
1.51 0.08 0.153 0.0075951532 0.0064677386 0.0051411094 0.0035360715 0.0015363685 -0.0010457762 -0.0045984688 -0.0097952095 -0.0177279413 -2.5168376897
1.51 0.08 0.154 0.007601556 0.0064704841 0.0051365337 0.0035289437 0.0015209937 -0.0010722123 -0.0046315221 -0.0098335968 -0.0177659114 -2.5166839128
1.51 0.08 0.155 0.007600024 0.0064645931 0.0051263667 0.0035111053 0.001501842 -0.0011046881 -0.0046849854 -0.0098968501 -0.0178276947 -2.5164183571
1.51 0.08 0.156 0.0076070204 0.006469015 0.0051267308 0.0035046649 0.0014910214 -0.0011274372 -0.0047136167 -0.009941477 -0.0178828902 -2.5162616757
1.51 0.08 0.157 0.0076107244 0.0064677888 0.0051171017 0.0034910354 0.0014695039 -0.0011563112 -0.0047464048 -0.0099858482 -0.0179205651 -2.5160756693
1.51 0.08 0.158 0.007613088 0.0064645134 0.0051149738 0.0034835528 0.0014550716 -0.0011779421 -0.0047866903 -0.0100373042 -0.0179711445 -2.5158867627
1.51 0.08 0.159 0.0076190806 0.0064675009 0.0051094424 0.0034748008 0.0014342101 -0.0011949993 -0.0048204748 -0.0100634659 -0.0180055099 -2.5157492292
1.51 0.08 0.16 0.0076273609 0.006470299 0.0051141915 0.003467385 0.0014217173 -0.001218336 -0.0048377144 -0.0101106457 -0.0180198243 -2.5156430776
1.51 0.08 0.161 0.0076249894 0.0064659851 0.0051003814 0.0034546624 0.00141153 -0.0012372975 -0.0048776876 -0.0101525454 -0.0180593288 -2.5154593334
1.51 0.08 0.162 0.0076316693 0.0064680892 0.0051001569 0.003449427 0.0013996928 -0.001267024 -0.0049103413 -0.0101845558 -0.0180884464 -2.5153273121
1.51 0.08 0.163 0.0076336769 0.0064689251 0.005095629 0.0034380396 0.0013827018 -0.0012826608 -0.0049401495 -0.0102242186 -0.0181189137 -2.5151816742
1.51 0.08 0.164 0.007644308 0.0064776385 0.0051001375 0.0034411583 0.0013702471 -0.0013009411 -0.004958824 -0.0102487638 -0.0181276897 -2.5151259151
1.51 0.08 0.165 0.0076470322 0.0064741474 0.0050935002 0.0034292757 0.0013592921 -0.0013195591 -0.0049890891 -0.0102841237 -0.0181648696 -2.5149742505
1.51 0.08 0.166 0.0076526457 0.0064835822 0.0050957284 0.0034281045 0.0013562833 -0.0013309297 -0.0050004236 -0.0102934982 -0.0181424456 -2.5149776912
1.51 0.08 0.167 0.0076644206 0.0064838949 0.0050988282 0.0034251289 0.0013442086 -0.0013419094 -0.0050275405 -0.0103198097 -0.0181687496 -2.5148871164
1.51 0.08 0.168 0.0076708308 0.0064929867 0.0050991832 0.0034199014 0.0013320961 -0.0013663963 -0.005047646 -0.0103399354 -0.0181696247 -2.5148200401
1.51 0.08 0.169 0.0076781631 0.0064901632 0.0050942546 0.003414366 0.0013270922 -0.0013792069 -0.0050713351 -0.0103680501 -0.0181830919 -2.5147309994
1.51 0.08 0.17 0.0076843396 0.0064972842 0.0050981759 0.003414373 0.0013182555 -0.001389679 -0.0050902439 -0.0103836951 -0.0181960007 -2.5146814539
1.51 0.08 0.171 0.0076916777 0.0065043146 0.0051019793 0.0034151846 0.0013142207 -0.0013940485 -0.0051009231 -0.0103976075 -0.0182002043 -2.5146632378
1.51 0.08 0.172 0.0076995428 0.0065086008 0.0051007692 0.0034071727 0.0013077652 -0.0014136589 -0.0051239121 -0.0104191136 -0.0181919695 -2.5146038409
1.51 0.08 0.173 0.0077037181 0.0065127544 0.0051058485 0.0034048672 0.0012995536 -0.001429603 -0.0051447436 -0.0104370165 -0.0182012092 -2.514542814
1.51 0.08 0.174 0.0077198179 0.0065250422 0.0051141225 0.0034118734 0.0012998751 -0.0014328351 -0.0051583118 -0.0104442042 -0.018171526 -2.5145924983
1.51 0.08 0.175 0.0077261447 0.006525233 0.0051129119 0.0034103564 0.0012925623 -0.0014418883 -0.0051666861 -0.0104515316 -0.0181760093 -2.5145597372
1.51 0.08 0.176 0.0077369976 0.0065379167 0.0051193544 0.0034155424 0.001288877 -0.0014511495 -0.0051750377 -0.0104585227 -0.0181598401 -2.5145827824
1.51 0.08 0.177 0.0077483724 0.0065469669 0.0051276984 0.0034117443 0.0012901551 -0.0014530142 -0.0051827386 -0.0104550265 -0.0181512849 -2.5146115173
1.51 0.08 0.178 0.0077560614 0.006555041 0.0051321444 0.0034139604 0.0012875769 -0.0014708865 -0.005196175 -0.0104694813 -0.0181342466 -2.514602639
1.51 0.08 0.179 0.0077666763 0.0065595934 0.0051364034 0.0034224503 0.0012877634 -0.0014693592 -0.0052015978 -0.0104676795 -0.01811142 -2.5146514746
1.51 0.08 0.18 0.0077803166 0.0065748839 0.0051433647 0.003422021 0.0012799535 -0.0014727453 -0.0052057312 -0.0104638598 -0.0180866336 -2.5147002142
1.51 0.08 0.181 0.0077956079 0.0065858597 0.0051515767 0.0034287834 0.0012881624 -0.0014736528 -0.0052085817 -0.0104629404 -0.0180784814 -2.514754978
1.51 0.08 0.182 0.0078043998 0.0065921195 0.005161535 0.0034345312 0.0012946213 -0.001476043 -0.0052048111 -0.0104492712 -0.0180382161 -2.5148475097
1.51 0.08 0.183 0.0078139925 0.0066039252 0.0051695863 0.0034412893 0.001291029 -0.0014823835 -0.0052154656 -0.0104548159 -0.0180244823 -2.5148713194
1.51 0.08 0.184 0.0078280999 0.006618135 0.0051813375 0.0034454666 0.0012967511 -0.001473147 -0.0052128825 -0.010445365 -0.0180020571 -2.5149649828
1.51 0.08 0.185 0.0078430219 0.0066252708 0.00518944 0.0034550801 0.0013060053 -0.0014711714 -0.0052122323 -0.0104336516 -0.0179550654 -2.5150753417
1.51 0.08 0.186 0.0078580476 0.006641327 0.0052009604 0.0034629467 0.0013083667 -0.0014684739 -0.0052104315 -0.0104232855 -0.0179189585 -2.5151791434
1.51 0.08 0.187 0.0078719026 0.0066558848 0.005209616 0.0034693775 0.0013127367 -0.0014696763 -0.0052040615 -0.0104173235 -0.0179074116 -2.515249689
1.51 0.08 0.188 0.0078835908 0.0066644238 0.0052216137 0.0034743818 0.0013192387 -0.0014659707 -0.0052032963 -0.0104051807 -0.0178785714 -2.515338874
1.51 0.08 0.189 0.0079010811 0.0066826247 0.0052357321 0.0034888645 0.0013208518 -0.0014633135 -0.0051913734 -0.0103810815 -0.0178405069 -2.5154815231
1.51 0.08 0.19 0.0079169855 0.00669715 0.0052471874 0.0034958851 0.0013278585 -0.0014571065 -0.0051984051 -0.0103857839 -0.0178109522 -2.5155614629
1.51 0.08 0.191 0.0079338002 0.0067114731 0.0052576395 0.003509649 0.001338629 -0.0014454306 -0.005178668 -0.0103548736 -0.0177662275 -2.5157346354
1.51 0.08 0.192 0.0079460606 0.0067235261 0.0052701077 0.0035152833 0.0013444562 -0.0014503793 -0.0051810931 -0.0103404979 -0.0177322253 -2.5158238827
1.51 0.08 0.193 0.0079659399 0.0067407465 0.0052881834 0.0035342544 0.0013594181 -0.0014309529 -0.0051584892 -0.0103168854 -0.0176647005 -2.5160461587
1.51 0.08 0.194 0.0079814838 0.006757628 0.0053022298 0.0035507636 0.0013703893 -0.0014303657 -0.0051489292 -0.0103093216 -0.0176431698 -2.5161593524
1.51 0.08 0.195 0.0080006214 0.006774257 0.0053197132 0.0035598702 0.0013782442 -0.0014110793 -0.0051353156 -0.0102701549 -0.0176042166 -2.5163405839
1.51 0.08 0.196 0.0080183822 0.0067909441 0.0053320516 0.0035698466 0.0013891924 -0.0014067401 -0.0051296718 -0.010247115 -0.0175622261 -2.5164833082
1.51 0.08 0.197 0.0080362766 0.0068095658 0.0053489142 0.0035819615 0.0014021278 -0.0013970691 -0.0051199186 -0.0102362363 -0.0175200415 -2.5166342247
1.51 0.08 0.198 0.0080563464 0.0068231412 0.0053634739 0.0035990589 0.0014114754 -0.0013876409 -0.0051035339 -0.0102080203 -0.0174871162 -2.516795829
1.51 0.08 0.199 0.0080786649 0.0068471584 0.0053827155 0.0036191971 0.0014231882 -0.0013665997 -0.0050810193 -0.0101795825 -0.0174387572 -2.5170136098
1.51 0.08 0.2 0.0080975999 0.0068599694 0.0053988344 0.0036269036 0.0014374658 -0.0013547033 -0.0050640165 -0.010156189 -0.0173876593 -2.5171868493
1.51 0.08 0.201 0.0081100678 0.0068802724 0.0054091326 0.0036428505 0.0014503692 -0.0013484538 -0.0050548172 -0.0101371298 -0.017350562 -2.5173303739
1.51 0.08 0.202 0.0081309374 0.0068994096 0.0054274783 0.0036591534 0.0014699939 -0.0013329518 -0.005031191 -0.0101002029 -0.0172964572 -2.5175548141
1.51 0.08 0.203 0.0081538238 0.0069172553 0.0054497209 0.0036745827 0.0014829668 -0.001309601 -0.0050060539 -0.0100663173 -0.0172454579 -2.5177795638
1.51 0.08 0.204 0.0081726054 0.0069361101 0.0054708636 0.0036949453 0.0014996999 -0.0012884948 -0.0049968076 -0.0100481421 -0.0172092773 -2.5179601467
1.51 0.08 0.205 0.0081969346 0.0069593929 0.0054945873 0.003717613 0.0015203455 -0.001277046 -0.00496859 -0.0100060756 -0.0171386484 -2.5182271577
1.51 0.08 0.206 0.0082144435 0.0069742591 0.0055041541 0.0037265152 0.0015335021 -0.0012610678 -0.004947789 -0.0099815639 -0.0171057576 -2.51838534
1.51 0.08 0.207 0.0082350706 0.0069974643 0.0055250627 0.0037424741 0.0015535033 -0.0012401126 -0.0049266686 -0.009952646 -0.0170626355 -2.5186001567
1.51 0.08 0.208 0.0082564127 0.0070159654 0.0055419338 0.0037647315 0.0015674183 -0.0012287956 -0.004900223 -0.0099135568 -0.0170053739 -2.5188271566
1.51 0.08 0.209 0.0082769336 0.0070386199 0.005565589 0.0037864715 0.001593505 -0.0012008144 -0.0048726926 -0.0098744549 -0.0169551459 -2.5190866556
1.51 0.08 0.21 0.0083016855 0.0070588872 0.0055863548 0.0038067397 0.0016071796 -0.001186627 -0.0048539907 -0.009841553 -0.0168988099 -2.5193085104
1.51 0.08 0.211 0.0083207658 0.0070799698 0.0056063967 0.0038245168 0.0016259129 -0.0011604651 -0.0048240108 -0.0098083795 -0.0168375509 -2.5195558001
1.51 0.08 0.212 0.0083422075 0.0071009466 0.0056288178 0.003845899 0.0016459416 -0.0011360065 -0.0047985886 -0.009777749 -0.0168079213 -2.5197721915
1.51 0.08 0.213 0.0083672839 0.0071227104 0.0056551681 0.0038691056 0.0016789513 -0.0011083537 -0.0047603636 -0.0097265305 -0.016736512 -2.5200901039
1.51 0.08 0.214 0.0083894449 0.0071471285 0.005665638 0.0038847263 0.00168946 -0.0010926714 -0.0047507937 -0.009695451 -0.0166897189 -2.520276407
1.51 0.08 0.215 0.0084097666 0.0071699037 0.0056938949 0.0039090759 0.0017165676 -0.0010691345 -0.0047127386 -0.009656331 -0.0166342332 -2.5205554157
1.51 0.08 0.216 0.008435027 0.0071928974 0.0057164058 0.0039321637 0.0017365305 -0.0010404041 -0.0046813532 -0.0096149561 -0.0165727259 -2.5208322294
1.51 0.08 0.217 0.0084584935 0.0072128196 0.0057327308 0.0039512203 0.0017621844 -0.001016039 -0.0046480229 -0.0095782229 -0.0165225183 -2.5210812899
1.51 0.08 0.218 0.0084823337 0.0072337014 0.0057587232 0.0039718982 0.0017827718 -0.0009961522 -0.0046215391 -0.0095396688 -0.016475591 -2.5213251215
1.51 0.08 0.219 0.0085000081 0.0072511693 0.0057790306 0.0039932577 0.0018013269 -0.000972908 -0.0045888427 -0.0094985241 -0.0164141533 -2.5215790087
1.51 0.08 0.22 0.0085284925 0.0072828533 0.0058054053 0.0040230434 0.0018286538 -0.0009409912 -0.004559193 -0.0094650547 -0.0163606302 -2.5218712234
1.51 0.08 0.221 0.0085496003 0.0072975523 0.0058244226 0.0040416763 0.0018460993 -0.0009202696 -0.0045385402 -0.0094220945 -0.0163140896 -2.5220930012
1.51 0.08 0.222 0.0085740008 0.0073253936 0.0058462548 0.0040667862 0.0018775417 -0.000890602 -0.0045013736 -0.0093720901 -0.0162525281 -2.5224020276
1.51 0.08 0.223 0.0086021839 0.0073543117 0.005875177 0.0040932046 0.0019034274 -0.0008561474 -0.0044536853 -0.0093270307 -0.0161978818 -2.5227222038
1.51 0.08 0.224 0.0086238465 0.0073762166 0.0058957676 0.0041146031 0.00193259 -0.0008262111 -0.0044266337 -0.0092847857 -0.0161254818 -2.5230085559
1.51 0.08 0.225 0.0086483382 0.0074012528 0.005925296 0.0041439042 0.0019579426 -0.0008008523 -0.004386554 -0.0092343892 -0.016074832 -2.5233087505
1.51 0.08 0.226 0.008677315 0.0074301405 0.0059448714 0.0041643025 0.0019878568 -0.0007763174 -0.0043669936 -0.0092058737 -0.0160248395 -2.5235591064
1.51 0.08 0.227 0.0086920109 0.0074479556 0.0059676665 0.0041908291 0.0020061054 -0.000744348 -0.0043233852 -0.0091460707 -0.0159465818 -2.5238728262
1.51 0.08 0.228 0.0087198743 0.0074750918 0.0059960552 0.0042147486 0.0020331296 -0.0007161802 -0.0042883588 -0.0091089978 -0.0159102438 -2.5241437631
1.51 0.08 0.229 0.0087446952 0.0074975401 0.006020482 0.0042423315 0.0020616118 -0.0006830086 -0.0042534083 -0.0090613402 -0.0158525852 -2.5244449626
1.51 0.08 0.23 0.0087670859 0.0075219337 0.0060422921 0.0042689466 0.0020878902 -0.0006500279 -0.0042113966 -0.0090139028 -0.0157780712 -2.5247633943
1.51 0.08 0.231 0.0087930124 0.0075437842 0.0060687613 0.0042899824 0.0021151585 -0.0006281575 -0.0041792299 -0.0089769809 -0.0157362355 -2.5250187395
1.51 0.08 0.232 0.0088149658 0.0075694133 0.0060951341 0.0043245959 0.0021476341 -0.0005826409 -0.0041385303 -0.0089098577 -0.0156651201 -2.5253842386
1.51 0.08 0.233 0.008847308 0.007600422 0.0061235725 0.0043501214 0.0021769133 -0.0005517623 -0.004093567 -0.0088766148 -0.0155975009 -2.5257075364
1.51 0.08 0.234 0.0088743335 0.0076237216 0.0061476073 0.0043717662 0.0021987151 -0.0005255342 -0.0040623448 -0.0088240124 -0.0155489031 -2.5259839935
1.51 0.08 0.235 0.0089049221 0.007653029 0.0061759227 0.0044043536 0.0022363998 -0.0004848265 -0.004018727 -0.0087816011 -0.0154985183 -2.5263195987
1.51 0.08 0.236 0.0089211211 0.0076757562 0.006199676 0.0044293811 0.0022586642 -0.0004641311 -0.0039879756 -0.008734678 -0.0154419904 -2.5265844678
1.51 0.08 0.237 0.0089508768 0.0077031729 0.0062272715 0.0044547128 0.0022908234 -0.0004246677 -0.0039454128 -0.0086807804 -0.0153747983 -2.5269298424
1.51 0.08 0.238 0.0089842252 0.0077352886 0.0062591127 0.0044883034 0.0023248199 -0.0003861947 -0.0038995464 -0.0086363116 -0.0153074412 -2.5272909002
1.51 0.08 0.239 0.0090152659 0.0077660867 0.0062879509 0.0045184033 0.0023526964 -0.0003545816 -0.0038603797 -0.0085858342 -0.0152515824 -2.5276166696
1.51 0.08 0.24 0.009033623 0.0077910911 0.0063106201 0.004546919 0.0023875157 -0.0003217893 -0.0038223338 -0.0085413942 -0.0151863246 -2.5279265713
1.51 0.08 0.241 0.0090693018 0.0078176098 0.0063441476 0.0045710623 0.0024162541 -0.0002912856 -0.0037812958 -0.0084801384 -0.0151295195 -2.5282647806
1.51 0.08 0.242 0.0091051087 0.0078526192 0.0063761562 0.0046082393 0.0024553414 -0.0002425931 -0.0037338008 -0.008426548 -0.0150627452 -2.5286604219
1.51 0.08 0.243 0.0091300901 0.0078815134 0.0064043523 0.0046357575 0.0024869393 -0.0002121532 -0.003698635 -0.0083821812 -0.0149915921 -2.5289827355
1.51 0.08 0.244 0.0091597267 0.0079096811 0.0064339606 0.0046669261 0.0025172543 -0.000173735 -0.0036545069 -0.008334362 -0.0149437124 -2.5293098768
1.51 0.08 0.245 0.0092010238 0.0079451745 0.0064666382 0.0047046275 0.0025537969 -0.0001377398 -0.0036097562 -0.0082757723 -0.0148716348 -2.5297050021
1.51 0.08 0.246 0.0092340676 0.0079806861 0.0064989187 0.0047358608 0.0025892937 -9.23986e-05 -0.0035551908 -0.0082204934 -0.0148062804 -2.5300931081
1.51 0.08 0.247 0.0092683354 0.0080134375 0.0065225423 0.0047642018 0.0026215635 -5.87414e-05 -0.0035159452 -0.0081631646 -0.0147324748 -2.5304483988
1.51 0.08 0.248 0.009305066 0.0080507318 0.0065600985 0.0048015527 0.0026559377 -2.13128e-05 -0.0034722845 -0.0081108707 -0.0146695101 -2.530828053
1.51 0.08 0.249 0.0093509423 0.0080920306 0.0065969219 0.0048358563 0.0027024249 2.46647e-05 -0.0034296767 -0.0080533653 -0.0146144629 -2.5312339801
1.51 0.08 0.25 0.0093789452 0.0081223577 0.0066281906 0.004868121 0.0027267929 6.42491e-05 -0.0033825746 -0.0080173588 -0.0145507177 -2.5315666497
1.51 0.08 0.251 0.0094271744 0.0081653677 0.0066656022 0.0049071174 0.0027679881 0.0001015253 -0.0033344915 -0.007955598 -0.0144716165 -2.5320017133
1.51 0.08 0.252 0.0094667583 0.0082018986 0.0066930338 0.0049408161 0.0028065698 0.0001487048 -0.0032834291 -0.0078889222 -0.0144033566 -2.5324107178
1.51 0.08 0.253 0.0095148547 0.0082474925 0.0067340268 0.0049774876 0.0028476219 0.000190046 -0.0032355592 -0.0078435893 -0.0143309943 -2.5328300312
1.51 0.08 0.254 0.0095751673 0.0082997801 0.0067813119 0.0050203694 0.0028995816 0.00024164 -0.0031772518 -0.0077686498 -0.0142537087 -2.5333468843
1.51 0.08 0.255 0.0095934376 0.0083178821 0.0068012482 0.0050477592 0.0029152393 0.0002626293 -0.0031511382 -0.0077325875 -0.0142129307 -2.5335701837
1.51 0.08 0.256 0.0096501602 0.0083685526 0.0068413451 0.0050923607 0.0029677959 0.0003237674 -0.0030848435 -0.0076606699 -0.0141269433 -2.5341001694
1.51 0.08 0.257 0.0097214301 0.0084369288 0.0068993364 0.0051408706 0.0030140777 0.0003773103 -0.0030304788 -0.0075902187 -0.0140583627 -2.5346395381
1.51 0.08 0.258 0.0097691376 0.0084778075 0.0069333358 0.0051788853 0.0030534797 0.0004075325 -0.0029772319 -0.0075389599 -0.0139905117 -2.535042119
1.51 0.08 0.259 0.0098279066 0.0085295881 0.0069754197 0.0052169637 0.0031017498 0.000460295 -0.0029322677 -0.0074765272 -0.0139137407 -2.5355180316
1.51 0.08 0.26 0.0098921141 0.0085839664 0.0070222471 0.0052641822 0.0031489826 0.000518218 -0.0028668532 -0.0074091079 -0.0138307465 -2.5360516472
1.51 0.08 0.261 0.0099267754 0.0086250651 0.0070577425 0.0053057483 0.0031915236 0.0005615881 -0.0028169377 -0.0073510459 -0.0137621795 -2.5364669242
1.51 0.08 0.262 0.0100241712 0.0087058271 0.0071180499 0.0053546002 0.0032420098 0.0006144248 -0.0027599018 -0.0072843753 -0.0136738674 -2.5370695828
1.51 0.08 0.263 0.0100924505 0.0087627052 0.0071635603 0.0054034531 0.0032936838 0.0006697755 -0.0027014041 -0.0072135686 -0.0136133252 -2.5375859748
1.51 0.08 0.264 0.0101656654 0.0088266656 0.007215078 0.0054619717 0.0033456865 0.0007300341 -0.0026343919 -0.0071408863 -0.0135141875 -2.5381842799
1.51 0.08 0.265 0.010245124 0.0088977856 0.0072692009 0.0055103883 0.0034016206 0.000782117 -0.0025804437 -0.0070809568 -0.01345274 -2.5387207402
1.51 0.08 0.266 0.0103298381 0.0089685918 0.0073234927 0.0055658404 0.0034495416 0.0008372989 -0.0025063207 -0.0069984889 -0.0133473802 -2.5393510578
1.51 0.08 0.267 0.0104125241 0.0090407293 0.0073836725 0.0056221637 0.0035104889 0.0009029721 -0.0024465625 -0.0069212241 -0.0132611055 -2.5399723029
1.51 0.08 0.268 0.0104969838 0.0091166714 0.0074385129 0.0056774646 0.0035644637 0.0009623782 -0.0023835307 -0.0068554652 -0.0131755118 -2.5405706113
1.51 0.08 0.269 0.0106010639 0.0091986142 0.0075061148 0.005734409 0.003628425 0.0010244881 -0.002308922 -0.0067617079 -0.013097845 -2.5412532843
1.51 0.08 0.27 0.0106900315 0.0092798797 0.0075639134 0.0057924727 0.0036850208 0.0010836991 -0.002249609 -0.0067043316 -0.0130111293 -2.5418585916
1.51 0.08 0.271 0.0107810079 0.009353328 0.0076230669 0.005852124 0.0037457272 0.0011475555 -0.0021742705 -0.0066259351 -0.0129206068 -2.5425106413
1.51 0.08 0.272 0.0108871358 0.0094455612 0.0076915358 0.0059175262 0.003806535 0.0012183354 -0.0021004601 -0.006548354 -0.0128210399 -2.5432254199
1.51 0.08 0.273 0.0110001844 0.0095375515 0.0077634973 0.0059847411 0.0038796397 0.0012885178 -0.0020329515 -0.0064593467 -0.0127195929 -2.5439708848
1.51 0.08 0.274 0.0111086099 0.0096241487 0.0078347786 0.0060527994 0.0039478558 0.001354157 -0.001957664 -0.0063823018 -0.0126351524 -2.5446758755
1.51 0.08 0.275 0.0112091603 0.0097115758 0.0079008785 0.0061121088 0.0039995219 0.0014158843 -0.001892484 -0.0063010458 -0.0125475168 -2.5453367273
1.51 0.08 0.276 0.0113613374 0.0098374427 0.0079920946 0.0061969357 0.0040921823 0.0015058932 -0.0017914109 -0.0062048422 -0.0124340038 -2.5462842734
1.51 0.08 0.277 0.0114655063 0.0099254717 0.0080603965 0.0062656868 0.0041580825 0.0015780274 -0.0017181118 -0.0061261522 -0.0123353033 -2.5470022483
1.51 0.08 0.278 0.0116118399 0.0100485852 0.0081544823 0.0063503015 0.0042458744 0.0016616502 -0.0016343078 -0.0060163485 -0.0122224157 -2.5479283059
1.51 0.08 0.279 0.011770221 0.0101721529 0.0082444787 0.0064358134 0.0043274946 0.001744704 -0.0015419228 -0.0059187435 -0.012114239 -2.5488486035
1.51 0.08 0.28 0.0118909685 0.0102729085 0.008326379 0.0065103457 0.0044007096 0.0018205792 -0.0014623331 -0.0058327463 -0.0120176864 -2.549637769
1.51 0.08 0.281 0.0120020157 0.0103614503 0.0084030295 0.006577924 0.0044664049 0.001895282 -0.0013795749 -0.0057459671 -0.0119077503 -2.5504014583
1.51 0.08 0.282 0.0121728066 0.0104997493 0.0085013168 0.0066774482 0.0045638853 0.0019895814 -0.0012852026 -0.0056375772 -0.0117977064 -2.5514129456
1.51 0.08 0.283 0.0122921336 0.0105976966 0.008583343 0.0067491403 0.0046350889 0.0020677032 -0.0012008092 -0.0055406124 -0.0116850279 -2.5522273004
1.51 0.08 0.284 0.0124856481 0.0107567419 0.0086927503 0.0068516518 0.0047387034 0.0021718923 -0.0010982758 -0.0054364429 -0.0115555984 -2.553335715
1.51 0.08 0.285 0.0126319095 0.0108721172 0.0087885759 0.0069360578 0.0048173388 0.0022472192 -0.0010089473 -0.0053469231 -0.0114589446 -2.5542070475
1.51 0.08 0.286 0.0127969187 0.0110099787 0.0088886753 0.0070319896 0.0049111551 0.0023417688 -0.0009176987 -0.0052365889 -0.0113508954 -2.5552039475
1.51 0.08 0.287 0.0129337389 0.011124292 0.0089866434 0.0071251109 0.0050003024 0.0024306392 -0.0008133798 -0.0051249311 -0.0112223464 -2.5561687137
1.51 0.08 0.288 0.0131375252 0.011281866 0.0091075224 0.0072304264 0.0051032089 0.0025347541 -0.0007134838 -0.0050208812 -0.011111319 -2.5572782632
1.51 0.08 0.289 0.0133011434 0.0114153697 0.0092051471 0.0073293186 0.0051973718 0.0026365289 -0.0006100077 -0.0049116276 -0.010984305 -2.5583075834
1.51 0.08 0.29 0.013511268 0.0115894352 0.0093408933 0.0074439792 0.0053107124 0.0027455783 -0.0004990987 -0.0047847591 -0.010850278 -2.5595363748
1.51 0.08 0.291 0.0136847704 0.0117240328 0.0094533942 0.0075521359 0.0054190261 0.0028574222 -0.000376745 -0.0046590735 -0.0107150816 -2.5606685258
1.51 0.08 0.292 0.0138455866 0.0118584913 0.0095561232 0.0076425913 0.0055017954 0.0029332653 -0.0002948082 -0.004574138 -0.0106127519 -2.5615847995
1.51 0.08 0.293 0.0140071817 0.0119934373 0.0096649711 0.0077491727 0.0056061075 0.0030383422 -0.000188607 -0.0044562983 -0.010484543 -2.5626584085
1.51 0.08 0.294 0.0142023569 0.012146376 0.0097867334 0.0078530307 0.005708957 0.003138732 -7.89077e-05 -0.0043415416 -0.0103563501 -2.5637880308
1.51 0.08 0.295 0.0143790624 0.012292467 0.0099036922 0.0079598938 0.0058072683 0.0032479156 2.83323e-05 -0.0042319228 -0.0102412923 -2.5648740608
1.51 0.08 0.296 0.0145873498 0.0124578934 0.0100314224 0.0080840478 0.0059273705 0.0033681166 0.0001452859 -0.0041090341 -0.0101033839 -2.5661177126
1.51 0.08 0.297 0.0147689971 0.012609561 0.0101522963 0.0081967834 0.006032024 0.0034717076 0.0002525236 -0.0039889437 -0.0099704836 -2.5672531101
1.51 0.08 0.298 0.0149752378 0.012772111 0.0102969675 0.00831813 0.006156907 0.0035920588 0.0003758299 -0.0038630036 -0.0098357343 -2.5685171484
1.51 0.08 0.299 0.0151758563 0.0129452238 0.0104268387 0.0084399896 0.0062788899 0.0037131126 0.0005045407 -0.0037254173 -0.0096799609 -2.5698077177
1.51 0.08 0.3 0.0153995851 0.013123336 0.0105690559 0.0085679021 0.0063940003 0.0038315489 0.0006216532 -0.0035985842 -0.009550079 -2.5710870628
1.51 0.08 0.301 0.0155738243 0.0132569136 0.0106842635 0.0086788083 0.006502154 0.003938484 0.0007365857 -0.0034812137 -0.0094264717 -2.5721919923
1.51 0.08 0.302 0.0157843607 0.0134300991 0.0108334124 0.0088068973 0.0066288891 0.0040624944 0.0008582051 -0.0033505173 -0.0092796027 -2.5735028824
1.51 0.08 0.303 0.0159837529 0.0136001241 0.010973509 0.0089376366 0.0067496307 0.004175723 0.0009841983 -0.0032231944 -0.0091355074 -2.5747745171
1.51 0.08 0.304 0.016181555 0.0137640395 0.0111034621 0.0090574989 0.0068630921 0.0042857792 0.0010988344 -0.0030998965 -0.0090185894 -2.5759644196
1.51 0.08 0.305 0.0163941506 0.0139321366 0.011255288 0.0091894526 0.0069908206 0.0044163724 0.0012254414 -0.0029741208 -0.0088626695 -2.5772955162
1.51 0.08 0.306 0.0165972974 0.0141066713 0.0113939532 0.0093208067 0.0071163769 0.0045427173 0.0013553703 -0.002837759 -0.0087410886 -2.5785829898
1.51 0.08 0.307 0.0167524944 0.0142264956 0.0115066225 0.0094226143 0.007210801 0.0046379306 0.0014441884 -0.0027449022 -0.0086339847 -2.5795509043
1.51 0.08 0.308 0.0169991279 0.0144350722 0.0116764903 0.0095737993 0.0073569138 0.0047825305 0.0015921564 -0.0025897261 -0.008455273 -2.5810997356
1.51 0.08 0.309 0.0172183697 0.0146187647 0.0118413519 0.0097285118 0.0074992668 0.0049177029 0.0017314443 -0.0024389396 -0.0082953155 -2.5825498013
1.51 0.08 0.31 0.0174149091 0.0147777947 0.011977372 0.0098463227 0.0076201693 0.0050383557 0.0018561399 -0.0023160714 -0.0081804159 -2.5837632204
1.51 0.08 0.311 0.0176257283 0.0149453835 0.0121275352 0.0099886106 0.0077474577 0.005167221 0.0019808644 -0.0021770455 -0.008030432 -2.5851039675
1.51 0.08 0.312 0.0178215811 0.0151190502 0.01227594 0.010116945 0.007876124 0.005289856 0.0021050772 -0.0020566822 -0.007899765 -2.5863767706
1.51 0.08 0.313 0.017981833 0.0152553577 0.0123955063 0.0102408303 0.0079898045 0.0054034806 0.0022116039 -0.0019390997 -0.007775778 -2.5874921828
1.51 0.08 0.314 0.0182411925 0.0154747258 0.0125835909 0.0104048986 0.0081495817 0.0055550915 0.0023679243 -0.0017766526 -0.0076051606 -2.5891238364
1.51 0.08 0.315 0.0184246365 0.0156342519 0.0127271098 0.0105412271 0.0082737009 0.005673704 0.0024909184 -0.0016570688 -0.0074737895 -2.5903633346
1.51 0.08 0.316 0.018626544 0.0157984902 0.0128757539 0.0106670062 0.0083997248 0.0057996262 0.0026248794 -0.0015278276 -0.0073313496 -2.591661492
1.51 0.08 0.317 0.0188114333 0.0159573779 0.0130263088 0.0108089189 0.0085277392 0.0059251547 0.0027421218 -0.0013977483 -0.0071934127 -2.5929365379
1.51 0.08 0.318 0.0190066464 0.0161221738 0.0131710928 0.0109417474 0.0086594227 0.0060526332 0.0028688078 -0.0012657777 -0.0070604132 -2.5942249775
1.51 0.08 0.319 0.0191925027 0.0162896934 0.0133292263 0.0110854252 0.0087955083 0.0061888512 0.0030050695 -0.001130673 -0.0069344005 -2.5955498474
1.51 0.08 0.32 0.0193815611 0.016450497 0.0134737533 0.011220651 0.0089192896 0.0063155766 0.003125659 -0.0010033724 -0.0067804427 -2.5968318166
1.51 0.08 0.321 0.0195856364 0.0166264069 0.0136335059 0.0113662945 0.0090612786 0.0064456612 0.0032680858 -0.0008647902 -0.0066485831 -2.5982021404
1.51 0.08 0.322 0.0197773358 0.0167926917 0.0137874508 0.0115063008 0.009194454 0.0065774144 0.0033891771 -0.0007404724 -0.0065080702 -2.5995049263
1.51 0.08 0.323 0.0199659324 0.0169590752 0.0139407874 0.0116532354 0.0093278921 0.0067099572 0.0035272976 -0.000592169 -0.006366729 -2.6008539236
1.51 0.08 0.324 0.0201596348 0.0171237925 0.0141020148 0.0117981673 0.0094670657 0.0068392802 0.0036571354 -0.0004727034 -0.0062280907 -2.6021749411
1.51 0.08 0.325 0.0203464493 0.017296422 0.014258349 0.0119411765 0.009603931 0.006976979 0.0037927035 -0.000329583 -0.0060725127 -2.603542559
1.51 0.08 0.326 0.0205191686 0.0174485705 0.0144034106 0.0120804868 0.0097413837 0.0071048975 0.0039086158 -0.0002046093 -0.0059587789 -2.6047717897
1.51 0.08 0.327 0.0207580231 0.017654731 0.014597924 0.0122470881 0.0098968776 0.0072525967 0.0040713249 -4.60898e-05 -0.0058057799 -2.6063553399
1.51 0.08 0.328 0.0209121734 0.0177974383 0.0147343443 0.0123842488 0.0100269421 0.0073819926 0.0041956903 7.54585e-05 -0.0056661091 -2.6075708236
1.51 0.08 0.329 0.0210849364 0.0179556929 0.0148897351 0.0125267133 0.0101611821 0.0075160324 0.0043165008 0.0001996992 -0.0055290736 -2.6088500628
1.51 0.08 0.33 0.0212618138 0.0181135946 0.0150372791 0.0126659468 0.0102938845 0.0076421469 0.004448302 0.0003370967 -0.0053853156 -2.6101433932
1.51 0.08 0.331 0.0214070449 0.0182591659 0.0151926745 0.0128021565 0.010420339 0.007771996 0.0045722709 0.0004630534 -0.0052622818 -2.6113550635
1.51 0.08 0.332 0.02157833 0.0184028956 0.0153293432 0.0129358011 0.0105518274 0.0078967257 0.0046938926 0.000587166 -0.0051491286 -2.6125554974
1.51 0.08 0.333 0.021756984 0.0185788537 0.0154970479 0.0130938191 0.0107011636 0.0080316772 0.0048353411 0.0007261268 -0.0049941447 -2.613955513
1.51 0.08 0.334 0.0219085856 0.0187270134 0.0156454429 0.0132306743 0.0108275939 0.0081622271 0.0049661617 0.0008575816 -0.0048727983 -2.6151811265
1.51 0.08 0.335 0.0220777888 0.0188814381 0.0157995765 0.0133768117 0.0109650914 0.0082980253 0.005087316 0.0009859998 -0.0047420977 -2.6164585942
1.51 0.08 0.336 0.0222519232 0.0190513137 0.0159607753 0.0135266809 0.0111061777 0.0084273814 0.0052177045 0.0011110869 -0.0045993888 -2.617782299
1.51 0.08 0.337 0.022386933 0.0191779926 0.0160931373 0.0136555458 0.011230032 0.0085451984 0.0053396229 0.001235057 -0.0044867642 -2.6189053991
1.51 0.08 0.338 0.0225381698 0.0193262667 0.0162532391 0.0138031245 0.0113708742 0.0086826651 0.0054844248 0.0013696262 -0.004335955 -2.6202210798
1.51 0.08 0.339 0.022715098 0.0194973298 0.0164153894 0.0139523496 0.0115152632 0.0088212104 0.0056104513 0.0015063292 -0.0042152883 -2.6215467769
1.51 0.08 0.34 0.0228703127 0.0196469026 0.0165669503 0.0140993859 0.0116550181 0.0089645017 0.0057414888 0.0016315493 -0.0040764743 -2.6228282793
1.51 0.08 0.341 0.0230051474 0.0197771233 0.0167023425 0.0142353569 0.0117792155 0.0090789804 0.0058589119 0.0017447179 -0.0039644314 -2.6239460086
1.51 0.08 0.342 0.0231700527 0.0199370628 0.0168617605 0.0143794899 0.0119147268 0.0092090809 0.0059984491 0.0018826261 -0.0038146493 -2.6252672438
1.51 0.08 0.343 0.0232742365 0.0200504559 0.0169942366 0.0145059019 0.0120408809 0.0093282872 0.0061100724 0.0019936173 -0.0037141128 -2.6263122203
1.51 0.08 0.344 0.023432261 0.0202010625 0.0171410385 0.0146468988 0.0121817971 0.0094642593 0.0062355921 0.0021361121 -0.0035774296 -2.6275902361
1.51 0.08 0.345 0.0235752806 0.0203579634 0.0172987406 0.0147929937 0.0123135842 0.0095916475 0.0063688622 0.0022555077 -0.0034452728 -2.6288379515
1.51 0.08 0.346 0.0237391229 0.0205120077 0.017456912 0.0149498329 0.0124671763 0.0097386917 0.006498812 0.0023875664 -0.003312224 -2.6301665424
1.51 0.08 0.347 0.0238431891 0.0206288743 0.0175842384 0.0150777269 0.0125875927 0.0098553905 0.0066169537 0.0025048012 -0.0031997313 -2.6312276798
1.51 0.08 0.348 0.023974963 0.0207569245 0.0177243803 0.0152064626 0.0127136861 0.0099812022 0.0067406976 0.0026160234 -0.0030920129 -2.6323509712
1.51 0.08 0.349 0.0240958064 0.0208910228 0.0178643409 0.0153429495 0.0128398263 0.0100963786 0.0068523351 0.0027403455 -0.0029653044 -2.6334863451
1.51 0.08 0.35 0.0242322588 0.0210388467 0.0180178932 0.0154857065 0.0129747306 0.0102345471 0.0069895269 0.0028648751 -0.0028406837 -2.6347263455
